2231697455
5172198336
5657852630
5651743473
6153730360
5738740756
5828264363
6450343944
5510723671
5229810855
6475814524
5554055839
3484886150
3850359356
6422730345
2705906693
5807005805
5400406814
2034621363
5081242152
5672393106
6474067239
6345641522
5388150807
6350055456
5857737623
5897918907
6052248377
5554365298
3985721805
5734185527
5838112639
1973539771
5890068969
1951157117
5856004859
5617895494
1876604645
6524941020
6070208784
5280184388
3221665157
6521872100
5417285247
6055110369
5882961739
5980161394
5955138105
1730965920
5165584980
6477835512
6444170551
6177729156
1915839223
2651061501
1417970294
6360351981
5993795249
6520586940
5662645699
5828087607
5480986006
3141033342
5634646120
3967390742
5230494641
5854836362
3123027465
6019316564
5216117367
5893260673
5640195954
5083275518
2433956991
6132332285
5589641231
5680201995
3337413150
6366408992
6289382585
5663890647
5510082330
5632596294
5042895563
5516999006
6362735641
2906232215
6055518821
5612667050
5199992725
5724571860
5353053042
5876995907
6235064348
5598428673
2813697762
2143738640
5055345867
2748119375
5900461456
5846150027
6499078818
6073916351
6047528128
5244175164
6521874074
5414686364
5363589770
6431287401
2905013383
1870922180
5360059483
1810823850
6258606509
5337713974
1305816942
5473241314
5270408011
5529516875
2969979420
1844089821
5757009951
5848101872
5872095989
6473696963
3035900450
5367249033
6523837639
6523832841
5550001145
5118918422
6294660543
5680394727
5637596464
5162192974
3607001550
6142579416
6200049415
6243608562
5288728014
5268826162
5655815935
5883914893
6420032237
5957573067
5999995997
5746518536
2827526712
3929664948
1856659505
1051235180
6482164080
5985537947
6073942113
2059005844
3218675562
6387261192
5463413433
6043177468
5770595175
3104545994
6352340062
6047057363
6470812603
5852092899
6313803014
2556498603
2136644287
5625101476
5125964938
5160709641
1938710712
5064057393
6004587189
5731502796
5694777383
5829436407
5834740659
6000244091
5710332054
5308123062
2076603763
5327316265
5578324798
5745473886
5822202707
6068369103
6349246053
5516868305
2771825657
2484387353
5408575037
5582082694
2352516597
2589699631
5789914851
5237103730
5239936503
6480423527
6481384620
6094234266
2105815227
1974731227
1855080042
5900158991
5622076903
5678109703
5737161138
5574643974
6122679134
5878611618
5859510414
6023755044
5518969529
1102011354
6510879509
2990206805
6399312846
1154882780
5462454740
5124773834
6163221562
5690675717
2873727382
1305959084
5243883278
5692901858
1404505871
5300860517
6522310742
5314298369
5483374611
6101697354
6509183105
6482143574
1770054131
2934886427
5845637391
5614608937
6435797660
5861166894
5481640677
5991701223
3911955896
3210563644
6408278575
6486709756
6350916896
2197187455
6522179994
2139922862
6522459479
3229253827
3499753361
6078659672
6160571777
5091406364
6448315131
5249447252
5714569833
5845246192
5534484259
5824384553
6131134966
6434732644
1706111600
3009503695
6486842089
1109798077
2170846445
5625737311
6384420470
1627953257
1809424563
3807871765
5309127336
1001634012
5991500221
6167661314
3909397717
6130903328
6115593949
5625019034
5787227263
5999472476
6329995564
5486555666
6520144535
6032415419
6070852567
5643353805
5663508797
5411109356
6356070795
5952981163
5843991567
6163771361
5747353411
5857229365
3845230972
5632127884
3244424982
5538789426
6078348723
2062858373
3740891637
6346403720
6269723851
3316012873
6519295722
5657882281
5669584861
6345033582
3881698749
2100638764
3233801554
6267706250
5625419238
3743212602
3802936225
3297581994
1768313570
6329119682
6311224445
5674455548
2745243123
5154000323
6216791136
5878585107
6001928157
6520603045
5936259817
6150307523
2907021757
2514765235
5802291951
3442650792
5361290975
5913652871
5213401394
5062314166
5575972470
5197679447
5779297054
6507804751
6105273242
5605598889
5980028938
6198455596
5852183592
6103045577
5874206347
5296322438
5711634909
6333891683
5022926242
6435515765
5132262728
6061246680
1343584854
6033056015
5829557069
5086893813
3063567254
6455948727
6016618728
1108650595
3483415620
3245731050
5850930314
1772419391
6200534411
6096984329
5363028938
5883313085
6028184998
6043768701
3995527505
2606713135
2654063157
3950097608
5069445045
6437766931
1910070031
5746404924
5360441036
5696903870
5841197809
2775510847
6500475041
3187908522
2704028941
5083895690
5460555048
5187273779
5899845679
5548510665
3478185397
5600574122
5358165818
6393902348
5288624137
5497476484
2090685061
6205195504
3798201424
5758705004
3944541848
2113420580
5475063198
6514980117
6449244334
6502689975
5732288584
2473216923
5745267851
6506807700
5988730784
6296664681
5569406977
5828555155
6519124483
1402691947
1905373063
1937104761
6513958158
6385696898
5401052225
6433947179
5526206192
3887951691
5351358205
6518078813
6517594273
5263917740
5330428149
1954796207
3743645285
5852811105
6146733435
3753992782
6325757082
2694129061
6171680654
6518595153
5671134785
5518847723
3443732924
2629244731
5496891719
1955190237
5875934114
5732699650
3623190993
1950111242
5816879123
3774563425
3897104090
5494959684
1980260953
1901702751
6518936875
5277169800
6518525415
6518909180
6483058634
3482016793
3826303561
1281566820
3083216885
5942399435
6283831679
5669864395
6510191578
6495766004
6195053538
6417003769
6499606236
5732446571
5854383615
2392629103
5224770462
5386547118
3264611042
3143070305
1807779617
6391717966
5235025656
6013898408
6293300621
6047298252
5645540835
5658560674
2840452882
6013550389
2694307227
6518410891
6064020372
5688649277
3987698138
6409367428
6510005937
6380124092
3607620100
6354674830
2952793603
6486148523
6518325897
3257183452
1952593105
3477668204
2641731415
5719038688
6213139203
6478157638
2644756933
5464788883
5851197573
1947914897
5224004112
5698114792
5691365127
5344767162
5709725060
5322244609
3158817901
2608028073
5323397616
2659086691
5837605562
1099112101
5324576020
3804005119
5809148330
6199177428
6019849592
3866979732
5107281785
3901177733
6270645990
5466395465
1693022403
6043897526
6385818123
5999477034
5574058326
2802284455
1102923932
5489714990
5642012798
6512090885
5958351190
6312260532
6187268557
5081398694
5284482300
3981287831
5947184486
6498126384
6272245008
3954185149
1720459223
1735906632
5894156115
6009180220
5711866919
5307684233
5863529019
3216924952
2940616837
6457351676
1838940580
2338778622
2655754743
6294594530
5689106164
5992878847
3965915235
6287787461
5628455402
2739214293
6338857216
2603566351
5835788628
6125559649
5307022593
5634530321
6067172266
6384907716
5327612394
5975360325
3542368025
2512338962
5583019689
5975420135
6005745145
6261957969
5319073790
6091381317
2155069531
5692817864
5905870240
5999625856
6503743524
5176292231
3834599230
3119120015
6323223705
2942900573
6516938937
5086637863
2459330971
6468754243
2650356577
6473331240
3209594105
6032635113
5643751205
5670243133
5034201293
6301683960
6207609740
5822346045
5810217484
5176397631
6516488162
6333909204
2092533671
6292538733
6501080780
6394161983
5818696965
6373319512
1944967271
5323444701
6516031416
5197201872
2006661473
5266820195
6369143067
5714925099
5623782216
3732977554
5587325874
6516526211
3992604476
5718067921
1609199124
5100001959
5448459899
6516193714
2103866943
6315054838
6185401238
6516164711
2395884331
6124076093
6462921284
6029465538
2234285175
3943904408
6225550694
5396062601
6012284911
5985681277
6329829552
6313246581
5708274055
6500946263
5664923404
6410400311
2139983084
5728972537
6030003385
5579363139
6451068350
6334254614
5750672193
6447649367
1058393602
6467830949
3483249085
6076310030
6083733523
3311839637
6474700150
5677925404
2004969365
5362851164
5935602861
3962975201
1909444281
6313786818
2846118434
2859129001
6253872332
5360395451
5217496617
3893841555
3850576472
3348105034
5637377979
5890016514
2816143785
6222946476
2919819697
6260265901
5622029926
5450134219
2817559267
6293039100
6120410917
3225433955
3854838092
5887641247
6047724460
5783335683
2475929557
6029349047
6177127388
5709602767
6514727915
5644743964
3270613567
6515003129
5085669355
3820618530
5606547939
6509688974
6462299371
6273369035
5731458689
6186159683
2741981293
5688266814
5845802338
2200689583
6485417617
5063182748
5840006803
6486186073
5854813472
5469409705
1994067170
6135457611
2698981313
1057339923
6009030151
3469599880
5839697572
6101432807
6227910865
5941887699
5951622736
5124513324
2757373483
5609955029
5668262608
2357691125
6105521273
2135296711
5890857154
6511364008
6070242556
6074345321
6459265194
6444781965
5743958150
3558614445
5817261317
3002261610
2727738163
5825572019
5895129624
5047030480
5855648504
5968964884
6505302572
6096206958
3158676423
5838227948
3928645404
5273280451
3287381585
5263498724
5943627364
5336621916
6076552224
6068096479
6011624631
5537583277
5821320571
5321012939
1916586474
5623340109
1736765197
5589214687
6320701325
2942899717
1629505332
5319013715
2614235505
5966866886
2751853061
3220187940
6499118471
6359135262
5337422569
1512713295
5298366329
5711664556
6322123917
5973916072
6444853222
3316691080
6381512599
5990958146
5899676255
1999098363
6320465080
6440367570
1772649367
5200696995
5678355163
6112710351
5693011760
1660621784
6083989292
5430366254
5665249982
2414196135
3833280256
6461045370
1268764343
5629087181
3842666152
3702830353
5709932382
5685497683
5835714311
6463978013
3881475121
5658317683
2677134430
5305123545
5708412732
2631035735
3652094650
1047453040
6374622991
1863984343
6099030054
6064180434
6460752601
6291982935
5269703948
6453120971
6404655305
5392091652
6103406580
1573443664
5314862542
3341211410
6447342253
2321435585
5665836749
6063664671
6308050807
2836934523
5234585660
5793254468
2877048503
5688832175
5987178979
2705148572
5730783209
6004568850
5491800910
6485879043
3168171090
2479146567
1778509514
6502337316
5114182234
5652581066
5440804449
5697869245
5466075926
2171794891
6353429749
5850322388
5853542049
2094154651
3670179233
2744236772
6512074809
3096566185
5343013333
1271932721
5632481687
5900164902
5637879726
5313382397
1786834367
5330097308
5831263333
6070309427
5132876105
5976504141
6342345829
6483923998
5641734159
2952052583
5678843925
6504367572
5678333186
5812608409
5733411031
6086591517
3995640323
6512766766
6512773848
6132658011
5667787394
6204726734
6512291743
5698717505
6253440781
6511135369
5853965537
6212031922
6050504365
6416900270
6444095534
3059891463
5236051299
6389924839
5056373173
1967884257
5933830102
3952078363
1937217981
5518257588
3982573156
6512208115
2804186725
5403454557
3179735414
6381613971
6016198002
5918991901
1902716277
1159877875
5450747386
3835057596
2524151983
3284319565
3918808775
6162973759
6382688336
6448813886
5909060893
1832137367
6326747730
2796061025
6178553704
6086201367
6509457366
6511305486
6511565375
5635525992
5309064154
6141972042
2594629312
6026390364
6294999943
5634230127
5224706796
3161197954
5781208140
5874923290
6116546974
5709638538
5828026650
5979650332
3919707825
6326169506
5760200188
5738677424
6415672378
1760589073
2823304011
5585647748
6499870951
5430659109
5921722713
6504594835
6511011761
5667701659
5648318779
6499126539
5949990119
5947303779
5905474384
3936395489
2840358457
5558416750
3923860540
6429784800
5693720364
1859369032
6486707102
6385193543
6110484151
3278366085
5054262751
2846908432
6501522756
6510434484
6219503121
5824923539
5551675038
6253420063
1782804911
6047619058
6279990333
5692543303
5603359793
5703471784
2393088665
5857200354
5715026931
6375210721
5180113428
5124650577
6391264745
5992059476
5127500045
5262143345
5666926421
5244241518
6478376488
5697473836
5514147065
5243235615
2288036125
5872351550
5828804483
5845946269
6378219669
5470129068
6463002162
5767835761
5243925674
1801337891
6471898344
6311335802
1942222642
5732940768
2752540221
5512263700
6089188411
5381345681
5920151245
5964112075
5742922592
6266015710
3211954585
5079509025
2712497007
6303014251
5973733731
6346376291
5367076250
5776231124
6048265526
6434675812
1044979324
6013656689
5663411142
6421091740
5776604902
1920355163
6446014811
3888067370
3206754051
5666485729
5388421632
5785597818
5404007448
3089950961
5757106555
5371736016
5127160709
6275924844
6029303389
5714931960
2756215453
6267746286
5841902917
6272775896
2000035587
6107423747
5720911703
6453435385
6509080018
6509236967
5308846178
5758135663
6500018343
5319261791
6509947203
2281436485
2648197711
5165515097
6448051870
5661575667
6460362869
6509924007
6510224615
3208856307
5301611544
6011480038
2045551753
6032603329
6509188279
6440747814
5319562671
3210601270
6046346348
3518553337
3525471385
3200277970
3033742883
1933997145
5717663031
5029495281
5366899811
5735229100
1051765162
6491292538
1688162862
5059609172
5716213618
6276027137
5582974261
5657506916
6292994339
5976688852
5711434850
5656332880
6155028649
2731800223
5496483707
3915949714
6368474288
6104015917
2681091140
1454176235
2926179597
6353626791
3184398184
1770727572
5138251476
5773866305
3951661575
5279808160
6509385373
6363747838
2433499315
1573692313
5784544553
5261078274
5342061094
6012793501
1871666623
5335091054
5666672130
6091243246
6389764238
1731357480
5987701385
2478991953
6280976871
6366099546
6303608682
5364120307
5573699678
6362639818
5492391758
5979718595
6015784061
6021137961
3977097733
3023765107
3385424412
3939226604
5517332829
2414004287
6161487271
5035778988
5696112452
2437947147
3602733272
6486920948
5825934843
1801832187
6223621978
5730538826
5125169830
5673164597
5696405434
1694977342
5234506587
6298360356
5566372450
2673682990
6051492060
5752679373
5414780414
2731609624
6490009356
5681930324
6078796144
5296616374
6331790099
5985666019
5268147482
1584888950
5733401903
2528283717
2031498545
6502070359
5241136548
6386295430
3166308011
2729730823
3626479215
5314733828
5744066667
6039479680
5644622450
6508374250
5670936675
5868525479
5761765845
5823083699
5721183474
5685199383
5644563708
6037184263
5261354609
6490076991
5309920367
6028129157
1392596657
5110450607
5892794713
2332479957
5985899166
5792401363
6504204543
5668297628
2407177905
2502078487
3787995584
5465498215
6507187632
6378588443
6431704728
5852096341
5558758750
1651205715
5743295229
5761469895
5581864584
1069825647
6108213930
3180454864
1582939872
5021038479
6041684083
5347370297
5799666353
5068642795
5737193615
5663942828
5626261854
2488699455
5891368435
5898440350
6310374389
5681063931
3257958363
6157091612
6508120782
5603350786
5390942098
5698554185
5708858067
6140635176
3229284131
5387053136
5244956851
5545053839
3266142917
5031288942
5880169478
5900620454
5797671778
6387254395
6487680154
6178173980
6412799202
2298752697
2740532933
5640502950
5850291374
6195094718
2970068523
5756639564
1352073315
6507714637
5722699785
3580036505
2289537074
1752287641
6238439654
3780690495
3035138957
6132747567
6506950637
3239462924
6491511119
6281022336
5127111891
2261161223
5492055776
3528137795
1952907242
5638077101
1155917315
6501194720
6507149841
6507142039
3142504767
6501353813
1821170435
5987805597
6488439252
2735860197
5638196384
2611594167
3885084457
5866094192
5580782229
5093190593
5232059395
2780458183
3954107924
5725802609
5320432877
3598044454
6314083947
6347870508
2283962957
1711081024
6162861637
5335754379
3537052367
6400992596
5626251890
6063508326
1845181343
6468465673
6421948433
5714962847
2704631043
6506176074
5137927561
5453685289
6274282219
6481518673
6067208998
5033706093
1400659687
5533991568
6506103829
5359727224
5734545096
6212336025
1104414627
3246294562
1581939437
5969989106
5025894391
3759444184
3479892994
2824052385
5388738215
5176042777
5931875947
5787357274
5474647914
6484358742
6502600274
5893828356
6349792154
5142292725
5991021477
5248386542
5172281439
5845400788
2384701791
5315237881
5769292067
6201046902
3067608173
5723864051
5861859123
5660750463
3853209844
6505369583
5585115905
1896290501
3926972835
5849227729
5476105546
5847956825
6014535830
5311364697
2626788281
6446034144
3433934844
1945471575
6028624012
6154687221
3780090140
6244570394
6319267678
6276544373
6013867609
3206189295
2761321675
2609223283
5228075837
5118819928
6458531821
2808482001
1649206293
3169529912
5936521306
5898615748
5226114677
5059814284
3208620793
3735932764
5811172396
6487275117
5403972505
5662873257
2443496493
5774587652
2795750045
3279754803
5384532042
1802657071
1780944631
1763101230
5760004416
6047127495
5161556184
2302636763
5459113651
3121585247
5170587558
5461553502
5833311610
5043405842
5839581325
6314653102
5579770310
5516171948
6383855196
3157710932
3854326811
6463902571
2485525221
5514274141
6140172008
5662226680
5272082221
6504595986
5799415812
5066406833
5596363206
2188791137
5345834511
5688377547
5936272948
3013665711
3968257849
3319513810
1762368372
5343563144
5285871911
6344805023
5695758164
6299487129
5342872855
5115713635
5876378530
5581791716
5856878218
5787394620
6419956113
3101152823
2720023203
3200204621
5364834135
6166516236
5118326476
3829126947
5860101852
5818898353
6456346780
5698210523
1557723425
3932622123
3629321930
5947467987
6345943994
5821029096
5750425770
6493177916
5087427800
3947587763
3716575161
5299631940
5966664282
6375939564
5642932591
5736295995
6364304496
6292274135
5498564691
3843012269
6049982745
5857596069
1791587811
5195685638
1322938435
2098205761
5628844915
6109889645
6006279476
6112306829
3846985854
5701682655
6184440088
6468793058
6103006519
5389981529
5890480403
3987528608
6419079009
5205704560
5846141700
5642543367
5627152462
5480068968
5369362014
5239523109
6502320794
5882335043
5990698028
5860146963
5632651157
6045891941
5750168522
5207829161
5164883613
6502621802
6199168053
6428123304
5851221451
5885261760
2680674360
2957381950
5626439603
5283224853
3018247643
6008626682
5635372519
2817117415
5057685477
3295579155
2953567033
6089253963
5501452178
5601648613
6383195864
2689874371
2736820567
5323348513
2134278587
5382290065
5039003469
3597219624
6333449273
6358536712
5676939322
5799570898
6431219035
5968174652
3591296321
1018691247
5265233947
1955387520
5641931019
6498932817
6453181411
2946390320
5652052578
6388480143
6496299484
6456214041
5663561282
3802908981
5723672584
5092366013
6267655499
5108951960
1749195415
3022153355
5710401186
6403200149
2772105585
5399313654
5556512035
3246565257
5589048531
5971654922
2931874291
2925411587
5700830700
5787303121
2714761911
6501816982
6251694314
1928725727
3049540153
6501802866
5915402593
5352421322
5625287438
2751692727
5881727785
6500555366
5505072169
6242833204
6323742158
1706705625
3123428064
6095047392
5582737667
3050065237
5180569927
5776699083
3187595542
5345893604
2302139373
6368197224
6438269547
6351533553
5714261734
6441071629
5230821844
3815341567
5830121732
5758066574
6206219222
6466215032
5443882761
6499106179
6158545596
3514493641
6501357354
5745780380
3849866225
5986103170
1224664520
5303833394
5904064856
6501241384
3803979920
2723078923
5439238764
5054134449
5657591831
6501386951
5946060057
5785237330
6066158433
5912143251
6028281531
5621453021
1986325637
6485619378
6239631502
6028854444
3554651740
3801026544
6088079595
5745336421
5315422295
3718818847
2000615322
5758610022
5475035615
5335966241
5019211252
5828687188
2003345265
6501141527
5341167159
2651019701
5532936596
5884905907
6251146783
6176989211
6415023158
5592438535
1283866991
5864015590
3913321685
5662183167
5821902349
5878422137
6501065063
5992451832
5816450926
2230787477
2615960531
5477107410
5419421090
5872165415
5050348298
2962257731
1885296531
6040863708
5871838830
6033059190
5532533797
5128339451
5170884598
6500869450
5829607205
3630701341
5767421174
2726580577
5724265296
2615675485
5999319895
1693768785
3147170490
5746368068
5888785218
1706076792
6499991114
5693386993
5694727277
5444080048
2219556767
5703495542
5038855656
5817594750
1752344251
5311142508
5162051030
2253482833
5930495227
5732398747
5896669546
5370950409
5552532443
5861607751
5389687931
6486030806
3221847434
2769898175
6060314635
5685699152
5266412577
5142511394
5664198395
5638436379
5997606746
2503422540
5367457727
5072140582
5747997324
5549071575
6068907536
3155990302
5167595095
5696446556
6449400682
1703937142
1831614730
5396162179
5602847101
5174439115
6023576182
5797990665
1895539397
5670068029
6135212551
6487190067
1642374312
1502659440
6419941129
6426643402
5149282670
3947370984
2985381513
5665700287
5658521492
5721403906
6489804366
3995741279
5292220180
6036816197
5417538245
5842564464
3687320764
5252749501
5582885505
6395158650
5641190901
5683961167
5518265955
5955342959
5220330443
5376375897
5685653991
6473996557
2812507892
5628327383
6393152460
6270280731
5487521075
6240065719
5484507847
6040190008
6432193411
5303929834
5770583015
5389524503
6463974587
5084312203
5688778053
3901840222
2169188010
5764691773
6372569013
6067607606
5723515369
5347029829
5948689930
3800748888
3777541417
1265161764
5679235116
2159085713
6398312316
6402568605
3779103813
5991048847
5790213766
5286726033
5124415761
3257678081
1844117195
5248289333
5592015881
2022203010
6073062845
2605686367
5352313148
1915760771
6417042282
6445027623
5646266247
2814795847
6498955470
5627658557
5448042436
6408289411
2399420747
5973460233
5992471962
6498129412
5860462389
3282102910
6485811381
6023875432
5891108765
1869568345
5817280052
2449073537
5129383304
5273331502
6429640621
5243282622
6116542495
6019870855
5101923244
2960875624
3190543122
2772026773
6474768130
5834676372
5661735490
5607426176
1109687775
5284280778
5749901296
2362631611
6218345323
6207317153
2167711484
5809669637
2917538143
5179438158
6370800036
5896323331
1852343445
5226122630
1637023067
2294097591
6254920760
2447701063
1832354313
2776826415
3324099230
3969796504
6122664037
6300335199
5746271281
6364928132
6461122565
6197719586
3796103507
6297663626
5606535632
6116397789
2000335151
5537977418
5043096224
1340944833
5601533461
5938971309
1804037661
5213793443
3525608671
5841973004
1744895445
5315604482
2468659915
3334523624
2876862133
6274730303
1803173377
2721768673
3246537585
5212449008
5650348030
6034347089
1153483460
6294136759
3867306583
3871158016
1588450610
1883073921
5128473569
5093460233
5503603071
6192567308
1773444360
5738894267
5092812092
2747597321
5635239439
5899413211
2674402561
5288712624
2071739790
3606893323
5845782422
5706808501
5491436883
5232460221
6460602948
5492796133
6385883438
5090454250
2573910585
1843899535
2876147264
1632215504
5951546098
6331682646
5617921049
5876145079
5765284265
2068687071
2850981322
5532234663
2272464473
5714552308
5865876870
2073420261
2751712981
5385853213
2710467337
5951422259
5054088183
6310307826
2898463507
5790129140
1845267832
5499501618
5575177043
2141315102
5768491900
6035100904
6487761901
5327212281
5745015506
3290413221
5710041897
2716070613
3179406670
6352149837
1704953860
6073812652
5206890675
1834619254
6493739498
5816793648
3774774864
5752225989
6485076662
2053309967
2278761105
6036412642
1528714034
5623498782
6193196046
5471240892
6484337555
2713993593
6277809382
1567597002
5949602326
5526673843
5504907994
2282463277
5546126390
1952065717
6484169431
2734690824
6429195624
5848335100
6109992835
2424874563
1914148820
6459945910
5411966741
5839836874
2305816457
1501680307
5637420806
6395869146
3306174415
5264197665
3463227484
6493939448
5745861815
5279516911
6457626395
1268865910
5525440255
5829883494
1815852890
6289679481
6292946126
6247124190
3314309057
3675717960
6383968817
5362787406
3944567558
5837192499
5985665460
5582858249
5991559813
5360224414
1214229770
6098792619
5417367705
5838127791
6492084112
5287351797
5941192644
3918797313
5519612506
6462239253
5284572700
5525537441
6458846111
5640347780
5941869641
6079329052
1807169684
3609209804
5352843985
1751014462
2974502475
1922147881
3919735296
1848163894
3977438780
5795112768
6083197112
6319988760
2142374624
5928860909
3842686855
5715357823
1988982677
6485109214
5097882782
1999528695
1497910650
5532501611
6493751967
1990183817
5876275556
66907196
5675436964
2761533591
6331791774
5396583605
5967238476
2251994241
6116614303
3908139237
5869496356
5797752460
5401565414
2550611365
2758643733
6479705998
2041837213
1412308180
1275708302
6086024476
5869278913
5120476860
6465810509
1824101847
5866252653
5180483946
6190132611
6473025746
5658220643
5519847495
5810375372
3291070443
5145599731
6310964118
6112250631
2270161315
5034878718
1879561751
6472861290
5759139471
6025684821
2012704130
6373401424
5955718870
5468022321
2050043311
5667261000
5869279101
5750136672
2797897434
6273281561
5628639280
6431676108
6364138687
5358663107
2324315232
5242642218
3986776849
5861785924
5843626790
6411641780
6380204640
5684009888
5591555920
5083439201
5522589704
5824046895
6189114836
5503811216
3280118185
6033346937
6168038128
2392633177
2349837754
3948812621
2522864010
6267149516
6033469428
6242135432
6493560887
5658389457
3989988671
2135665457
2648477877
6457542597
6064555377
2143598150
5661983362
5388110659
3262381941
1740396665
6343774334
6492133111
2288764747
6433455964
6423803752
5100067579
3265118222
5715299404
5738140940
5815818571
2681577981
3240102484
5974880056
6405330500
6215968741
2342535781
2422140917
5266685703
6210238499
1976880945
1811928537
5342922936
6496430857
2472472945
3700655967
5627135920
5993060330
5584475755
1862113224
6399369284
6237694383
5026874804
6325792940
6348423618
5837585905
5515227665
5636957131
1823518640
5637735312
5749943662
5172887243
3922272539
2254063682
6204425157
6463256012
5857788213
5800898939
5710296908
6351371234
5215151668
6495861909
5861391543
1995330475
5508658622
5188839145
6485400609
6055297984
5716442904
3195220951
5710604967
5639524965
5718857519
5863801559
6050508001
6421766045
1757258093
1625251181
5506988126
3761987297
5718695950
6356539241
6331264553
6440281044
5192679639
3477631693
6399105929
6390186098
5751709180
6348528078
5311134819
5643152527
5861827419
5821629567
5665236347
5876609532
6291194983
5589934590
6465730218
5320615531
6287764983
5204139819
6023553882
5949421412
5885467001
3267331994
5758090723
1951980054
1892846273
2684557115
6272344021
6431095111
5188047360
6014264805
3819084570
5733502155
5771958594
6372163615
1667827631
5226029984
5979449100
2781494547
3502139924
6482698992
6174699831
5857549920
2102352317
5628357184
5127511309
6088213288
5563442607
1221408617
6446558713
5232683601
1264867397
6220595373
2175433537
3932365989
6351620443
3831854286
2611078861
6326344059
2913376261
5519700902
5730803047
2269429937
5253623359
5552168649
6376767055
5201275606
1836615251
5762476516
2356560155
6208998976
5572077988
6251202326
1352933732
5560880580
6151999283
2283320751
6063467998
5468540905
5874456474
6109542657
5047214329
2729086553
5262422152
5183618467
5710650991
3983581574
5235929229
5469785481
6493940198
5774369028
6343753693
6337097208
6254140801
6132868659
6059247227
5333073159
5951167600
5498914277
1428809233
5620548500
6493797561
5880804440
5400727423
2384788130
5347804528
6192398466
6214894104
6077549810
6480840395
6051542087
5484615463
6126248386
5156420688
5316881389
6120594573
2351874692
5512788875
5889378970
6466473405
5037537319
5709887951
5960947402
5731642341
5449550223
2853211033
6451141712
5293611619
3290554875
6453066428
3932637124
5596349293
5090977665
6079146768
5662354008
6050268990
5815382023
5678799648
6474177392
2085715521
2980125835
2917487203
6465835742
2504226071
5013127452
2933738273
3984656655
5255593084
5364335252
5529262036
5673434402
1697041180
6345076501
6018505209
5579822654
5644286722
5391616972
5379704121
5784235792
6184265449
3825360969
5653215317
6487891162
5993046713
5508509489
5781000351
6429981545
5584102539
5992848433
6482153658
5640431658
5587764255
3967448450
5311213569
5960718660
5422628843
5369125996
2392185843
2856231147
6142824727
6023684948
2367068413
6128574076
5170425295
5342699692
1931839954
5269296327
2844621883
5698191777
5635453709
6152911342
5598278309
5940346481
5568225912
6079560173
6478760297
6459424229
5605257048
3202607135
6124707347
2141421810
5788815297
2691401163
2786842122
5829841758
6270920630
6367241949
3643788990
5109735430
3477582485
6417269959
5745734751
2460381625
5615299905
6491385684
6343098437
5821848075
3905371134
3691324627
1432578910
3943985328
2619169061
6087458009
5164392985
5092675263
6072019508
6409187811
1670777105
5625316563
6036683307
6049144166
5677177722
5994947540
6480167977
1748614227
6447723661
3228156867
5332755177
3782177701
1422140524
5830978796
5259535320
2474068672
3272185397
6489708971
6050901190
5382580626
6354906966
5876038719
6282088139
5670038737
5600337421
5232382130
5637851245
1767461290
3982130962
6126910645
5608462667
5913549336
5615040487
5879516443
5581221463
1974358045
6482728851
6449759769
5860467098
6001808789
1099653715
6478696882
5685214266
3872899195
2903722631
6490539245
5479106858
5175262495
5724780431
3224961464
5800502544
5841909176
3292850181
5862563770
2746051953
6006036199
1711398754
6109648345
5660474554
6400968022
5833646889
6399817231
6409276912
5667677578
2757336603
6310458979
5600683813
5881716596
6480775672
6060696615
6204700354
5240993585
6482521406
5092379722
5968477439
6356959484
5726504961
5139029979
5774663927
3021813231
2959489143
1336929155
5518675229
6357986819
6490183824
1066730213
5936571923
2111737475
5244012568
5819813616
6154357628
5778938515
5611404387
3892280500
5738755652
5559790499
5706778445
2922941361
1957835740
5025205259
2294945473
6117294687
5979189220
2214082297
6489842517
5426598489
2928419121
5994547047
5650365308
6178183120
3214657083
6357221692
5646546680
6455321238
5458975944
5057727408
5577165428
6457593447
1111385934
1821149015
6232735943
3699295027
5845646707
5013019268
5490789478
5991539220
6383178971
6392011688
5653115531
5355796105
6323535685
6465545783
3863970778
3024940765
3525936543
5232915895
3293211383
3786771310
6011310653
6441225860
6315942501
3297520695
5267095417
6340451568
2122589977
6386485585
1456812151
5525795640
5680298985
6128118879
1877083563
5308074802
5035519716
5239361050
6030900028
2894566955
6390988730
2635653627
1631430620
1740483561
6453953647
6093179805
5533085596
6489895199
5368750107
2350622703
6073700953
1963215237
5334952660
1780716450
2496738963
5522247213
3153305960
2645751732
2131642861
6351385401
6315013307
5626123022
5360219227
6360874956
1698625384
6405284743
5735318300
5397250057
5180314320
5025095467
5247512166
5974151782
5702064621
5898672559
6212934878
6111159053
1923373844
3224788047
5752339073
5726484951
5515546165
6011673086
5824641825
5459680717
5948788102
2112901227
6458338574
6449303909
5891847993
5265795042
5935258391
5599912409
5206904633
1004795477
5239203269
6015451641
6295841691
2212257882
5221786554
5681470423
1790072717
5242033525
2372033602
6140294057
3406304032
6474387579
5660790469
2353182015
6049797906
5987340131
5385846777
5262356587
2786392037
5383406385
5446949271
5682220003
5801138487
5806680071
6478184463
1525754733
1907882735
2635908331
6481467667
6064714381
6482457362
3147177377
5842626004
3975300045
5124508606
1422469553
5782311383
6487550885
3305425792
5413006396
5824401774
5941012575
5682021874
5280290669
5966356318
2640854517
2339096597
3848367636
6310455922
1885237340
2645419207
6083978834
5403586418
6348647725
5593268909
3021722765
5703502689
6487725881
5458851662
3548366300
5895035133
5282304436
5635824531
6193639787
6477147618
3815867650
5350866249
3220430794
6089419716
6071832198
2530341597
3248789272
5504263331
6294932291
6439507398
5663790911
3175270893
2856365864
2310356037
5680596717
5684345093
5667856024
6350173200
5967257931
6484806928
5950003792
5349445130
5928110668
5873799471
3630530414
5849289544
5280445563
5985276581
5124866521
5589294950
5801952675
1720101117
2646753653
5413591002
5674046332
6030091730
3826746907
3053894320
3844637314
5015136816
6051653218
6475418102
5692540033
6297224521
6046030579
5848118029
6125982875
6400909577
5362412045
6084434306
6211404031
5986253222
5609094516
2881719191
6473531806
6268256173
6478282351
5753546661
6157011048
5512512548
6028982742
5211959765
2872973842
2115323371
5881637281
5515372864
3176133470
5633299954
6083937991
5993784416
5209272596
2983441773
5725509034
6276350031
2342472477
5146042915
2211355345
2841663673
6486365552
6337396312
6193016224
1781856895
1504427804
3729619694
5123201706
1807183885
6008801514
5611408942
1496938193
3930607785
2710921991
5892141388
5235400387
6038963915
3570891610
5993933412
3183018224
5894999308
6019224965
1687661621
6334015005
5526443574
1511462017
1884979524
6286909614
1425816315
2288426701
5730343281
5675277595
3278166092
2479726105
1562648371
6106095772
6484619393
5534925684
5247181969
5228411899
5480882327
5354355002
5745209817
5371059641
3805683675
5995853175
5064370918
5597732372
5620447208
5523076982
5590794274
6276487447
5615655539
5727370154
5785001848
5629687676
5760680351
6036104447
5767924070
5701477827
5735226620
6125255408
1851353364
5313014804
5135290060
5704932441
5844521820
5940141327
5199430154
5307901497
5759012099
2661245823
5527071735
5705667207
5898420469
6018607471
1932342504
5994754473
6485168833
3893710956
5268148390
5642224250
5723941338
5303835779
6437315321
5882438904
1863991003
1715074095
6424223200
6461153379
1039456714
6450437410
5364122824
6456217687
6156948793
5971643259
6472017069
5038246175
6475210335
5464461824
5573104170
6001268409
6289899517
2676348450
5963447640
6395095129
6476575049
6068669520
3120084862
5848697042
5303624615
6100104867
6076749264
2729255377
6026224067
5596963050
6366368503
5152020649
5570681254
6474077060
6207580097
6118939402
5845910273
5172260069
6476505410
5641296420
6289454739
6320391974
5727318340
5262570855
5605783489
1618597537
6449284007
5511815029
5204216131
5878696268
3694762495
5520884827
6483785029
1408834163
6152228582
5828217174
5153512012
5328870475
6304267169
5706652353
5546898737
5646524536
5476328639
5399365720
5262255752
5538681251
6081233174
5206988562
6474590629
2263781651
6026714777
5513958348
3607789185
5232776815
5685863426
6424957263
5644815769
5192590104
6474581876
5874364808
5995086980
2759740897
3263539951
5384916995
6069748301
5377188665
5642619050
5062311887
5881692335
5384623836
6446278609
6481587302
5315560629
5024862911
6474739072
5353858893
3901054312
5935610140
3243027050
5110563249
5401737115
5525807182
1836105013
1923308850
3170579697
2291190327
3024217531
6030396267
5832268877
6173790807
5717603277
6474134592
5197386455
5890633208
6472979842
5574697083
2763180985
1817909275
5178069275
6044523846
5362737499
6033168962
5176551035
2840283611
5656793075
6226821724
5688412250
6244675335
2250921647
6019954022
2285543685
5634984269
5336045646
5033728555
5609125046
6044597689
5233792634
5485355185
6368657346
6334185546
5149699752
5547454893
6027014426
2379216571
5761664097
5097608419
3340288334
5643691172
1944816090
6439400865
5331707052
5705510444
3219556432
1866917392
5038745889
5999200340
6327835900
5040787257
6481479968
2495171713
6128080850
6155791224
5667131922
6028094935
5309787009
3898141337
3264687005
3191736600
5718499375
6466357176
3287956955
5323650311
2335630371
5365030446
5963548760
5531197440
6095024866
5396068853
5745410456
6120264684
3177697310
5810016106
5187517567
6443855487
5792284380
1698965835
3150226160
6360824481
5702362279
5885791960
6429730218
5019050331
6480821422
6317124881
5844358892
6010676315
5034567381
6272706284
5860309159
5735393842
5983024065
3193547663
3260257193
5691015800
2451981425
5819088123
6470962286
6101706125
1948462807
5503231823
6471188607
3855105054
6014758207
5643569512
5764575701
2103387310
5532341870
5176092039
5862059572
6053659567
5326829970
5654433444
2526580191
5591705126
5547387192
2610073287
5765110894
6088551021
5675898336
3167070851
5828805429
5626333885
2473029433
3903213628
5820838556
6101944061
5311977986
6471124897
6305344513
1260762802
5920397823
2611262457
6453244894
5268120966
1976204981
5899425434
6463611626
3869746074
6470847905
2394019341
5129685705
5803030877
6477691005
6471329773
5843828986
5283846212
5673910260
6200828916
5071406779
6056578087
6479715389
5556203385
5873651095
3656165962
5996054690
3230557045
5339746608
6261592161
5354647754
1820072570
3797074805
2060151471
6044411201
3631274991
6391459115
6277764713
5651664056
6227230691
6131143836
5569397763
5256017384
2360571491
2133602443
5256702114
2620981663
5626770190
6414226798
5657419639
5672105078
6468795779
3191582850
5628382915
5848160945
5511811700
2749147211
5709642194
5778729676
6468559841
6440981441
6468776090
1938041113
1832531394
3517929952
6367169747
3547550317
5784259582
5899724314
5098301684
6360084642
3545828932
6108282177
3880982622
5339465285
5000833173
6354375791
5362645821
5245373107
5317572520
5586205939
5248238847
6346006471
5181028197
6398416227
5993002274
1305603943
2324309363
3220172087
5625277068
5835665490
5643362373
2890819854
6341757559
6478475934
5695341227
1700151661
1570508791
3625597265
5661439278
2862100997
5486037681
6101787330
6448179469
5287272479
5172412139
6068267906
2365504423
6176122025
5680508300
3068779144
2738834580
6463592558
5663563632
6421954478
5259599918
5209483235
6346182552
5969861473
6417230821
1801518225
6315966578
1864866841
5374187898
5290229204
5517362780
5127379651
5462408180
6126287550
2607332707
2816844995
5226083491
6410933056
5315295180
5455619487
3990887706
3900563571
5660615671
1821356830
6156374819
5700066813
6159989354
6473842467
5767842514
2804022703
3981725563
6406968081
5092663693
1825963145
5534692469
5734177319
5410715028
2395581764
3768852540
3103002371
5513159758
2604377433
3349629240
6477621353
2010084951
3575952623
6429039398
2131477011
5124956583
2185418025
3416139222
6445838482
5996977815
5020117722
6477519551
2708298585
5299759357
2416190757
3267426544
5333379021
5544927078
1764132623
1937307714
3193668454
3967761157
6453487572
5332422845
5879411307
2388191020
2878634871
1772372683
3921997340
3637040494
6237635616
2698193722
2435244321
3524053780
5285146438
5688353476
3948124220
5165658499
6474052945
6280481523
1082623611
6180673302
2381879305
3210132217
5623763172
3613125772
5998993889
5274661833
1952377357
6094840622
5490068364
5183119478
5776768300
5708003035
2245104997
1048101572
2927541755
5768110312
5942301623
5311667132
6346820342
5690763728
5226272252
6078481384
5896794867
66335727
6355785456
5306708796
5287330521
6222185217
1765916893
3616736937
6466692577
3867104535
5330650564
1933402815
5625458863
3796763603
5583715703
3028857111
5710017459
6427749971
2945493343
3798707592
5629085022
2144644517
3807104018
5646134468
2342918563
6289610976
2661214785
3626542144
5784909933
5590975711
5537778331
5878619046
5892659035
5776725626
2680754201
6437392658
5186095670
2170669772
5644993158
5713517238
5665894942
5170573350
5175716321
1835944432
6473384795
6349045230
1622424694
3916806794
6078438384
5448083119
2513452823
5778500409
5492697959
5367514125
5655929984
5653262865
3796475283
3932436235
3565633991
3209635213
2156822073
2211933201
3660797512
3896790917
2752851007
1909714401
5686121778
3846045017
6092086930
3153518660
5308413847
2814497853
5173580025
5848957856
5209479613
6232899410
5629079286
3459615924
5809210770
5095761575
5714451527
2069901543
6454125032
5173523989
3944519404
5454009743
2781451635
5141786470
6471588283
3080568261
2900251671
6035062094
5371472221
5241228227
5850504966
2034398047
6434447328
5589437334
5222918386
3552212753
3833504792
3757568464
5404143481
5413916840
5341597240
3995867753
3182712140
1930647357
5506031036
5486048144
5307620393
3602507682
5806894490
5021623933
5979586048
5328684796
5127374435
5527635619
5825147736
1686994537
5673240215
5034348828
6239753991
2760713855
5155371691
5383099073
5503556006
3183326872
1789270195
5380468260
5329502551
1203173131
6438788960
6447674472
1868327497
1772415163
5016527459
5721165099
5315578661
3956812529
5254835369
5820304530
6450548682
6088551726
6276314270
6014276569
5280925413
2086532855
1647573144
6182648048
3494715545
6128565710
5290372517
3175226004
3919896584
5379527392
2827901482
6341747089
5816371633
5781244884
5556592530
1906164481
5223478165
2671604603
5184629438
5316694677
1790105271
5356006030
5335910381
5054164976
5569813309
5605350377
5162061352
5491558602
5697710126
3187219450
5587189054
2047062177
6296389024
5367872851
5660752993
5285632287
6213673847
3554802734
5308366334
5454341187
5397308641
5997780227
6469845169
2603938325
5368201140
5504948955
2167311023
1930983741
2297008561
5508450746
2641990681
2288549723
2478723182
6041673523
3877477573
5208883986
5720588863
5856732912
6378725858
3242559682
2749576443
5902942226
2206885687
5723472836
5775657696
5826023291
2881053752
5274525846
5132545822
6034725872
5711364064
3782868625
5838079378
5669001305
6029297020
3224076425
6076543494
5442572259
2174210371
2264949941
5679824091
5720167462
1778287323
6414018089
5042697848
3628998351
3348915160
6141854149
5626763932
6150717555
5652068928
6202753451
6248558687
6219837475
5887042706
2945145793
3234510921
5120369525
1775690041
6062407442
5623398935
6067766882
3710906921
5640524283
5520876452
1600573410
6032015697
3866209663
3311209141
6471465649
5649318673
3913899141
6347481087
5806441976
2460253741
2538034371
6292281748
5206788079
6294454480
5339047539
5701992042
5501713550
3812926119
6192436030
1141584210
6085367708
5788756294
5742307223
2058507491
5999743048
5979744419
2831626205
6475298988
1992330967
6022493150
6377822460
3616217035
1831298167
6142567438
6170171486
5329132614
5866525681
5510928672
6299140804
2383310585
1915999867
6078138761
5836426912
3950292484
1923567331
6315984525
2356414667
1824802841
6203248525
5375673726
2491430923
2347410247
5144513595
3264117345
6269820132
5764977460
1930691261
5053864659
5426575047
6392911794
2975152192
1064895101
3478468752
6405066046
2979082313
5546349230
5297579434
5482556581
5644705115
5972974510
6220449471
5312967187
6179501481
6031531404
6246450263
6268758727
5663954462
5378160066
5652581271
6289479603
1228553591
5367934502
6218086706
5856811210
3386720170
5360819211
5784267984
6258641876
5949768116
5794086165
5711316475
6207419838
5603298570
2954085493
5517504136
6207154104
5985166985
5698710860
5201584287
6109901561
6126346036
5551874697
3200551302
3012858523
6463795947
5767489946
5352990552
5707926059
6393943804
5856790175
2874642044
3943317396
5431070937
5396650460
6297279627
5484076090
3559322997
6043511680
5285854158
5736706666
6161430641
6078449179
5680626119
6240516317
3626702767
3976294041
5264010352
3217706273
6206555062
5928463699
2795344585
5179405050
5918789194
6128413321
5887896628
5059022325
1766391890
5333887735
5143070131
6098443748
5384191134
5657952143
5677344002
6475224860
2487882447
1975375777
5675358211
2415261267
5629012423
5239628883
5140586349
1974624601
3878279593
6248460106
6273107718
5215066743
5620730141
1519644983
6040777791
5779366132
5680901333
6390527314
6292557172
3837458840
5242380116
6105966159
5514717727
1891866475
5309371575
5283224509
5442764518
5742278759
5632600415
3273472352
6454352291
6434991247
5747083735
5954821341
5403966013
1664995117
5459187102
3656748843
5867817519
5765190076
5266233753
3007769031
5969547954
5344041659
1003944112
2285529351
5891892988
5261529764
6115584386
6012404588
3176109130
5395665540
5013848453
5041458178
5032275143
5311998431
6388953277
3931246815
3626352305
5614692402
5684946550
2063676343
1592218177
2764107553
5635898055
2471250484
6376727069
2569451062
6462760333
1877491115
1801377503
5586567346
5681598618
6368158204
5825004844
6212664199
2855771874
2110234713
5188220481
5948392917
6037066025
5313197420
1568313843
6163404873
5607297794
5348988596
6234962644
5186997818
6060442251
5628897562
5674481888
6473370875
5538481122
3731550380
5898752988
5897545658
1720072093
2159246643
5658599280
3579620464
6460711986
1862231405
2935791421
6311400177
5152708023
5372346345
5710289426
5859197083
5565565560
5848769578
6374002500
5136540002
5197451248
6266454105
6285295442
5490013113
5759528775
5373182706
2725460291
6270171813
5411629978
2607085280
5197562719
5640621942
3988220496
6067273086
5773560526
5832140070
6460700889
5330491506
5379682026
2110446170
1990217020
2237910443
5196800501
2609828391
3937510594
3172980995
5502343332
5315104988
5128658486
6178257995
5662461870
6460408699
2153506677
6435804326
6128390326
5651832404
5689624402
1922223534
6172105401
6279057171
6078108203
6458507986
5406855189
2259963640
6460591932
6413945202
5225889713
2007737005
6460569736
5109731693
5982774468
2385114082
1482337643
6019117579
2872821835
6066366335
5480421136
5852187663
3906069345
5993924503
3612993913
5038192816
5749450880
5902216348
5984653165
5887752990
6472276791
5589431169
5766306686
1896109191
5665013377
3834549021
6433203281
6286124135
6130532079
6256526229
5362780359
5951755359
5708545001
6469537973
6445845340
5636639282
5734948899
1735583072
5312118048
1974529574
6472197051
2738945633
6374811795
5220858775
6148332643
6462335090
5185118449
6471729006
6116606049
3874006336
5701687446
6299295498
2269743091
2937830603
6037939529
1797993571
2142700027
1540581930
1010220512
5635344266
5808351430
6415593237
2911824057
5730013486
5239364466
6471718398
5156218914
6459685286
5563459012
3026086862
5775208818
5870897864
5637752077
5149240862
2350025891
1283487652
6470678857
5829015646
5042454787
6300375262
3800747592
3802443198
5856668526
5684978268
5307583543
5675091966
5485964636
3751315581
5852665523
5580720052
5994597448
5857914645
6470782178
2141023290
3616260632
6289061729
6372330164
5563708618
6450545337
5726948276
5943225073
6268661442
5800072651
5326265469
5945714763
5448925701
6021871295
2922810013
5337820569
5828036194
5648361883
3086927083
6470651392
5667498588
1950118887
5235535927
6449712669
2914284435
5101467489
6343504929
5446300958
6098267372
5290706270
5510616911
5938139378
5381395897
5510839703
1687463004
5071380344
2016353667
6469911433
6076222305
6104486559
3213514147
5323413083
2743810494
3861271082
6457643751
6372205570
3033664245
5799659134
5533011378
6408314552
5832597569
5686016915
6464171893
5521456423
2005253331
6411630798
5747842138
6342408382
5810375141
5170593823
3462241604
3960392197
5837742427
2985290411
6113027768
6187701648
5748511004
2834365825
5680484164
1774159612
6075833343
3450140042
5123728483
2537841881
5651622576
5750416789
6457408713
6246478524
3213463131
6399191017
5667630986
5969567724
5732747232
3228939754
2423945325
5595785832
2610599423
6255665536
5859785899
5655306238
6290251837
5616225259
5465025115
5576541136
6444244619
6441120819
6233837373
6451641092
6349016215
2625789843
6445591909
3247400402
6460873645
5285264479
5991977830
6036548850
6412206503
3135898395
5997324902
6402497258
6172876030
6446135195
6212767048
1803300473
6294169808
6377257476
3165973650
6282046938
5685057815
3199130365
5637343130
6383502695
6051995871
6054954961
5251471252
3845054466
6467862781
1993796123
6315452734
5016896019
1000677057
2676963990
2091229651
5641945960
5606642960
2629766724
6454539414
5775858779
2625003623
2817970371
6378014590
6467374757
6367393234
5389075829
6465795746
2296315751
6196063425
2484426987
1921656981
6048686975
5955757908
6455769729
6456084752
1547619553
5267693176
5953881009
5525854893
5205645139
1976856625
6467231322
5085704754
5845122159
5983505238
5936669823
3551312363
5127349937
6453842375
1997204757
6433617780
5903016769
5665815510
6439698340
6452699037
2788220521
2062298037
5855602596
6389618493
6347196746
6071032969
5486056621
5311195531
5294847343
5644151283
5119014244
2280177942
5261373529
6449159765
5642057627
5020087182
1768227951
2018934263
3176869014
6465106193
5627491383
6348684848
5941521240
1916003901
2721935154
6259938555
1653275730
6241179332
1949812823
5671864972
5428541830
6450746712
5885629468
3240893140
6051464669
6029907569
5344817989
5794578483
3228073263
6050045138
5446100794
6064985017
6435218662
6112855537
5893474416
5260423034
6140132598
5937827622
5314349262
2139642433
5807505599
5972913528
6451004469
5534128646
2696929463
1159459294
2952553401
5461878270
2677077595
6167390675
5393360171
5828491048
5018159943
1859616135
6213473438
1712871541
5853501370
2757423467
1651727532
6025643982
3933907313
6439363423
2399044361
6453647997
5117088556
6446031533
5217672390
3900231674
5819675408
3741053953
3828904834
6450313412
6464109780
1966083423
6233733468
3909448169
6249832545
2610055701
5214291235
1764141493
3486745381
3668688703
6062083097
6447561583
5678403932
5480824462
5536745380
2881771514
5880464365
6136703340
2305979653
5269309222
5344970108
6067584310
6463035495
3965517400
6400949598
5308646418
6422325983
6371070372
5232892165
1892518221
5206184847
6026066340
1914668822
5795233433
3288743200
5880926455
6442959377
5515542744
6328879117
3233461990
5980095598
6168063429
6310985329
6444555674
2708654747
6410133353
5970755353
5100670055
5745074586
3549208553
5371109583
6161520972
5163133317
2596805871
5499887809
6212294268
3921321917
3570565133
2609312533
5895815827
5320015295
5220849170
5247736389
5464144278
3695806780
5118263533
5983221258
1776484957
5728988406
6428007697
5669087293
1118862023
6299424804
5509954090
1671251413
5723828276
2684463411
3086123771
5949387652
5251831987
6055716639
6125976488
6295067838
2633221035
5066101769
3516778325
6450925392
5873587372
5875080659
6008647478
5778934094
5123622463
5590552919
6462193387
5948754806
5352939639
5774427966
5098604532
6300316430
2352496272
5703719756
6409060716
5678850809
6247237843
3350630864
3072095117
5322713051
1914086187
6435470992
5732408024
6278255479
3874288837
6425763903
6048621775
5907146596
6358384849
3826662063
5993834800
3092441792
6021441181
6180013120
3602552112
6448275552
6314603983
5639228688
6434541855
2488713091
5881906297
3272082004
2276405011
5512824910
6230292332
5593555878
6102855655
6117549390
5706257492
3793082552
2660633455
5233527761
1744667010
5392694932
5545485746
6273678468
3556197741
5192970829
1919285651
5404176050
6361728552
6461296175
5360212950
5849702046
6163032378
5986144488
5760372838
2131337850
5324499641
5520781924
5909040612
5511033472
5727276802
5715197880
5645105798
6117482869
1742515992
2033744952
3906232028
6445686393
6442528144
5491466102
1450585481
5580520698
1584360043
5798147872
5944252866
2699816412
5617271570
5930936397
2203438793
2380897925
5104632814
6021305501
6336845956
6058930752
5863210596
6451874695
6217648670
5292693942
1660461997
5019705398
6068238833
5197849478
2880530737
5724005138
6131139246
5346569831
5960758497
2948699842
2874345632
5988168435
5945706279
6174145416
6329491434
6439436568
5047828051
6459414812
6371004355
5887188985
6450725038
6449643353
5518831764
6067451424
1040270914
5210622773
5247577442
5963949836
3174100641
5725489991
5049901462
6189576854
2854123720
3085632727
5692186761
6354672699
5542036660
6450639772
5790502309
6439219874
3824744736
5760555689
6388222386
5892730359
5277230228
1797150363
5770697041
5402290962
2475096355
5655075001
5848295091
5641430842
5384629594
5384835211
5992013327
5822298598
5458009576
5768017479
6047071665
3200254497
5850212059
6064294177
5818267728
1682317977
6458308272
5189148137
6035905557
3826844801
3975096429
5669150131
2701786855
6458535908
5731220919
2403492662
3112394037
6265164025
6330729584
3833400810
5801437813
6124500490
5646066213
5804619189
3347592412
3272708295
6458605035
1944432373
5578685121
6043241698
2232420421
5888279966
6426332765
6440317169
5665170996
5680980260
2467217681
5656634315
5695690860
5591987643
5406912259
5703274483
2247127153
5910920511
6076262320
6454282616
2608673561
2041775855
5672311040
6374220093
2660220411
5046766518
6314950331
5056916232
5777588217
6341766009
5266019252
6129059237
5856949579
2793478725
5861762110
6454322115
1834193821
5633622018
5282302033
1085683633
5644083098
5969406700
5714738407
3911394553
1664558112
2239241232
5856156908
5441533082
6395964647
2652442687
6366481625
3212590643
1252723954
1833340170
2741669544
6447693847
1921557995
5974097975
3877670748
5073988592
5596439580
3196861601
3885080430
1885988041
2085551933
5514958993
6446207377
3946075790
6458203035
6380307363
6065024847
5580254677
2170319731
5797824776
5991873274
5738025449
5849642286
5704250126
5077516059
6305026598
3265333281
6056211168
6013928502
5999550750
6409451394
6373151375
6229786144
5610003751
6437795535
5752023221
5694214289
5952033712
6416905150
2683825143
2033273335
6364411340
3335459704
3931343287
5653974642
6215877474
5458614846
5328639193
6447118505
5085172778
3881660297
5931866227
2395362661
5042891983
5268159548
5201992337
5854394627
5654425556
3831950137
5693692104
5804839917
6456396517
5860080002
6456818528
6442619958
5786386605
1753039610
6012536242
5196340726
1783336840
5973072795
5807823539
6435017921
6000472052
6133596947
6448067278
6300603594
6159095240
6131703481
5388976894
5687286298
6456405571
6456385628
5235378834
5185913365
6223523676
1641467683
5981946182
6447737860
5813801388
5851111621
2854515363
5533649720
5143417366
6362967289
5935720447
5236789172
6402380240
6275209783
5730580905
5181346034
3784082210
6329997958
6084458870
6109616169
6287567644
5246306521
3753189474
5192570033
5617164650
2977369193
5352283153
5316271297
6454120421
5072049126
5875758369
6221409048
2135226213
2947084323
5329694927
5022904104
5720559755
2251259327
6447958777
6455152295
5243442198
6315513648
5855513162
2563466303
6398910650
5183853506
5504545498
2517576745
6053889112
6441643724
2437525563
3126584941
2021244563
5634383339
3285362573
5957655240
6454595340
5543307308
5719730456
6429936987
6454269807
3225130675
5997952630
2804978151
6027495865
6001979307
5975008466
5297969352
2033125455
6446027799
6388104215
6272297706
5499165008
5625483137
6236952666
6440814366
5061363912
5226689183
6314254662
6334848224
3270692184
5525373274
5652968643
6030529782
6130782889
5479555511
6075362967
5362349242
6413760814
6445936092
5693339806
3489064171
5955755055
5345259376
6008232745
5903762303
5379744970
6079991512
5750208595
5995336490
2340396513
5426737205
6045163845
3552481277
5443445000
5163556487
6381274748
5347927705
3490869040
6246421653
5791812053
5088082124
6326726127
5332520507
3854992225
6142012499
6442137959
6405618546
5188096360
5950171414
3285523557
5949664375
1644213354
5559841570
3683809762
6446067732
3572760433
5993101061
6120839389
6387485823
5968551383
5058521448
6399394447
